[gd_scene load_steps=7 format=3 uid="uid://d3twgtt2jyacu"]

[ext_resource type="Script" uid="uid://bf8l6lubtgrvw" path="res://main.gd" id="1_1bvp3"]
[ext_resource type="Script" uid="uid://cdeis5qtli4a0" path="res://button.gd" id="2_0xm2m"]
[ext_resource type="PackedScene" uid="uid://bm6cx8xk854qj" path="res://SkeletonReaderTest.tscn" id="3_lquwl"]
[ext_resource type="PackedScene" uid="uid://b0j00juowingy" path="res://card_3d.tscn" id="4_lquwl"]

[sub_resource type="BoxShape3D" id="BoxShape3D_7dm0k"]
size = Vector3(60, 2, 60)

[sub_resource type="BoxMesh" id="BoxMesh_ig7tw"]
size = Vector3(10, 2, 10)

[node name="Main" type="Node3D"]
script = ExtResource("1_1bvp3")

[node name="Ground" type="StaticBody3D" parent="."]
transform = Transform3D(1, 0, 0, 0, 1, 0, 0, 0, 1, 0, -1, 0)

[node name="CollisionShape3D" type="CollisionShape3D" parent="Ground"]
shape = SubResource("BoxShape3D_7dm0k")

[node name="MeshInstance3D" type="MeshInstance3D" parent="Ground"]
mesh = SubResource("BoxMesh_ig7tw")

[node name="DirectionalLight3D" type="DirectionalLight3D" parent="."]
transform = Transform3D(1, 0, 0, 0, 0.386791, 0.922167, 0, -0.922167, 0.386791, 0, 15.1576, 0)

[node name="CameraPivot" type="Marker3D" parent="."]
transform = Transform3D(1, 0, 0, 0, 0.141471, 0.989942, 0, -0.989942, 0.141471, 0.236632, 0.841992, 2.42208)

[node name="Camera3D" type="Camera3D" parent="CameraPivot"]
transform = Transform3D(1, 0, 0, 0, 1, -4.47035e-08, 0, 4.47035e-08, 1, -0.27993, 1.59886, 3.71422)

[node name="Button" type="Button" parent="."]
unique_name_in_owner = true
offset_left = 69.0
offset_top = 68.0
offset_right = 237.0
offset_bottom = 140.0
text = "Load"
script = ExtResource("2_0xm2m")

[node name="SkeletonReaderTest" parent="." instance=ExtResource("3_lquwl")]
position = Vector2(425, 15)

[node name="Card1" parent="." instance=ExtResource("4_lquwl")]
unique_name_in_owner = true
transform = Transform3D(0.998233, 0.0594285, 0, -0.0568701, 0.95526, -0.290251, -0.0172492, 0.289738, 0.95695, -0.342861, 1.06397, 1.34195)

[connection signal="pressed" from="Button" to="Button" method="_on_pressed"]
