[gd_scene load_steps=6 format=3 uid="uid://d3twgtt2jyacu"]

[ext_resource type="PackedScene" uid="uid://lei8kpu1jyk2" path="res://card_3d.tscn" id="1_ig7tw"]
[ext_resource type="Script" uid="uid://cdeis5qtli4a0" path="res://button.gd" id="2_0xm2m"]
[ext_resource type="Script" uid="uid://duwwuw6a2recg" path="res://button_2.gd" id="3_h2yge"]

[sub_resource type="BoxShape3D" id="BoxShape3D_7dm0k"]
size = Vector3(60, 2, 60)

[sub_resource type="BoxMesh" id="BoxMesh_ig7tw"]
size = Vector3(60, 2, 60)

[node name="Main" type="Node3D"]

[node name="Ground" type="StaticBody3D" parent="."]
transform = Transform3D(1, 0, 0, 0, 1, 0, 0, 0, 1, 0, -1, 0)

[node name="CollisionShape3D" type="CollisionShape3D" parent="Ground"]
shape = SubResource("BoxShape3D_7dm0k")

[node name="MeshInstance3D" type="MeshInstance3D" parent="Ground"]
mesh = SubResource("BoxMesh_ig7tw")

[node name="DirectionalLight3D" type="DirectionalLight3D" parent="."]
transform = Transform3D(1, 0, 0, 0, 0.386791, 0.922167, 0, -0.922167, 0.386791, 0, 15.1576, 0)

[node name="Card1" parent="." instance=ExtResource("1_ig7tw")]
unique_name_in_owner = true
transform = Transform3D(1, 0, 0, 0, 1, 0, 0, 0, 1, 0, 0.496048, 0)

[node name="CameraPivot" type="Marker3D" parent="."]
transform = Transform3D(1, 0, 0, 0, 0.707107, 0.707107, 0, -0.707107, 0.707107, 0, 1, 0)

[node name="Camera3D" type="Camera3D" parent="CameraPivot"]
transform = Transform3D(1, 0, 0, 0, 0.873245, 0.487281, 0, -0.487281, 0.873245, 0, -0.201993, 0.410817)

[node name="Button" type="Button" parent="."]
offset_left = 69.0
offset_top = 68.0
offset_right = 237.0
offset_bottom = 140.0
text = "Load"
script = ExtResource("2_0xm2m")

[node name="Button2" type="Button" parent="."]
offset_left = 71.0
offset_top = 163.0
offset_right = 236.0
offset_bottom = 233.0
text = "UVs
"
script = ExtResource("3_h2yge")

[connection signal="pressed" from="Button" to="Button" method="_on_pressed"]
[connection signal="pressed" from="Button2" to="Button" method="_on_button_2_pressed"]
